-1.0    -0.82     0.0 0.0     1.0 1.0 1.0 1.0
1.00    -0.82     1.0 0.0     1.0 1.0 1.0 1.0
1.00    -1.00     1.0 1.0     1.0 1.0 1.0 1.0

-1.0    -0.82     0.0 0.0     1.0 1.0 1.0 1.0
1.00    -1.00     1.0 1.0     1.0 1.0 1.0 1.0
-1.0    -1.00     0.0 1.0     1.0 1.0 1.0 1.0

-0.905  -0.868    0.0 0.0     1.0 1.0 1.0 1.0
0.5050  -0.868    1.0 0.0     1.0 1.0 1.0 1.0
0.5050  -0.950    1.0 1.0     1.0 1.0 1.0 1.0

-0.905  -0.868    0.0 0.0     1.0 1.0 1.0 1.0
0.5050  -0.950    1.0 1.0     1.0 1.0 1.0 1.0
-0.905  -0.950    0.0 1.0     1.0 1.0 1.0 1.0
