//full screen bg block
-1 1      0.0 0.0      1.0 1.0 1.0 1.0
1 1       1.0 0.0      1.0 1.0 1.0 1.0
1 -1      1.0 1.0      1.0 1.0 1.0 1.0

-1 1       0.0 0.0      1.0 1.0 1.0 1.0
1 -1       1.0 1.0      1.0 1.0 1.0 1.0
-1 -1      0.0 1.0      1.0 1.0 1.0 1.0
// "classic" button
-0.775 -0.350    0.0 0.0      1.0 1.0 1.0 1.0
-0.025 -0.350    1.0 0.0      1.0 1.0 1.0 1.0
-0.025 -0.574    1.0 1.0      1.0 1.0 1.0 1.0

-0.775 -0.350    0.0 0.0      1.0 1.0 1.0 1.0
-0.025 -0.574    1.0 1.0      1.0 1.0 1.0 1.0
-0.775 -0.574    0.0 1.0      1.0 1.0 1.0 1.0
// "extreme" button
0.065 -0.350     0.0 0.0      1.0 1.0 1.0 1.0
0.815 -0.350     1.0 0.0      1.0 1.0 1.0 1.0
0.815 -0.574     1.0 1.0      1.0 1.0 1.0 1.0

0.065 -0.350     0.0 0.0      1.0 1.0 1.0 1.0
0.815 -0.574     1.0 1.0      1.0 1.0 1.0 1.0
0.065 -0.574     0.0 1.0      1.0 1.0 1.0 1.0
//"sound" button
-0.05 -0.100     0.0 0.0      1.0 1.0 1.0 1.0
0.050 -0.100     1.0 0.0      1.0 1.0 1.0 1.0
0.050 -0.200     1.0 1.0      1.0 1.0 1.0 1.0

-0.05 -0.100     0.0 0.0      1.0 1.0 1.0 1.0
0.050 -0.200     1.0 1.0      1.0 1.0 1.0 1.0
-0.05 -0.200     0.0 1.0      1.0 1.0 1.0 1.0

